 title          = 02
 description    = 
 run            =  T
 m              =            8
 n              =            8
 np             =          100
 nSteps         =          100
 etPersist      =          200
 storEmerge     =          120
 vegmax         =            9
 tSteps         =          200
 dx             =    1.0000000000000000     
 pa             =    400.00000000000000     
 ts             =    1.2876700000000000E-002
 K0             =    3370.3574399999998     
 Kmax           =    14152.569276000000     
 kf             =   0.80000000000000004     
 rf             =    5.0000000000000000     
 Emax           =    876.00000000000000     
 kc             =   0.80000000000000004     
 rc             =    5.0000000000000000     
 gamma          =   0.50000000000000000     
 bav            =   0.10000000000000001     
 roughness      =   0.10000000000000001     
 kv             =   0.10000000000000001     
 kb             =   0.10000000000000001     
 Dv             =   0.10000000000000001     
 Db             =   0.10000000000000001     
 useStorEmerge  =  T
 topogRoute     =  T
 simErosion     =  T
 simEvap        =  T
 simVegEvolve   =  T
 RandomInVeg    =  T
 BCs            =           -3          -3           0           0
 useRandomSeed  =  F
 start time     = 2013-04-03 11:50:02
 end time       = 2013-04-03 11:50:12
 duration       =           10 s
 CPUtime        =    9.56338024    
