        2.856099        2.717892        2.553213        2.357244        2.124515        1.849057        1.524946        1.147865        0.719883        0.267575
        2.717892       13.377501       12.822191       12.149272       11.331070       10.331804        9.104145        7.583396        5.676600        3.238511
        2.553213       12.822191       12.822191       12.149272       11.331070       10.331804        9.104145        7.583396        5.676600        3.238511
        2.357244       12.149272       12.149272       12.149272       11.331070       10.331804        9.104145        7.583396        5.676600        3.238511
        2.124515       11.331070       11.331070       11.331070       11.331070       10.331804        9.104145        7.583396        5.676600        3.238511
        1.849057       10.331804       10.331804       10.331804       10.331804       10.331804        9.104145        7.583396        5.676600        3.238511
        1.524946        9.104145        9.104145        9.104145        9.104145        9.104145        9.104145        7.583396        5.676600        3.238511
        1.147865        7.583396        7.583396        7.583396        7.583396        7.583396        7.583396        7.583396        5.676600        3.238511
        0.719883        5.676600        5.676600        5.676600        5.676600        5.676600        5.676600        5.676600        5.676600        3.238511
        0.267575        3.238511        3.238511        3.238511        3.238511        3.238511        3.238511        3.238511        3.238511        3.238511
           1 ----------------------
       10.427151        9.781458        9.048000        8.215577        7.272413        6.207046        5.010510        3.681792        2.243162        0.796286
        9.781458       34.022808       32.209523       30.111589       27.675679       24.834827       21.502953       17.565687       12.863311        7.153403
        9.048000       32.209523       32.209523       30.111589       27.675679       24.834827       21.502953       17.565687       12.863311        7.153403
        8.215577       30.111589       30.111589       30.111589       27.675679       24.834827       21.502953       17.565687       12.863311        7.153403
        7.272413       27.675679       27.675679       27.675679       27.675679       24.834827       21.502953       17.565687       12.863311        7.153403
        6.207046       24.834827       24.834827       24.834827       24.834827       24.834827       21.502953       17.565687       12.863311        7.153403
        5.010510       21.502953       21.502953       21.502953       21.502953       21.502953       21.502953       17.565687       12.863311        7.153403
        3.681792       17.565687       17.565687       17.565687       17.565687       17.565687       17.565687       17.565687       12.863311        7.153403
        2.243162       12.863311       12.863311       12.863311       12.863311       12.863311       12.863311       12.863311       12.863311        7.153403
        0.796286        7.153403        7.153403        7.153403        7.153403        7.153403        7.153403        7.153403        7.153403        7.153403
           2 ----------------------
       21.819017       20.259477       18.533069       16.625410       14.523164       12.216233        9.702406        6.998034        4.166605        1.421341
       20.259477       48.738143       45.479199       41.840430       37.772787       33.218752       28.109777       22.362222       15.870195        8.490593
       18.533069       45.479199       45.479199       41.840430       37.772787       33.218752       28.109777       22.362222       15.870195        8.490593
       16.625410       41.840430       41.840430       41.840430       37.772787       33.218752       28.109777       22.362222       15.870195        8.490593
       14.523164       37.772787       37.772787       37.772787       37.772787       33.218752       28.109777       22.362222       15.870195        8.490593
       12.216233       33.218752       33.218752       33.218752       33.218752       33.218752       28.109777       22.362222       15.870195        8.490593
        9.702406       28.109777       28.109777       28.109777       28.109777       28.109777       28.109777       22.362222       15.870195        8.490593
        6.998034       22.362222       22.362222       22.362222       22.362222       22.362222       22.362222       22.362222       15.870195        8.490593
        4.166605       15.870195       15.870195       15.870195       15.870195       15.870195       15.870195       15.870195       15.870195        8.490593
        1.421341        8.490593        8.490593        8.490593        8.490593        8.490593        8.490593        8.490593        8.490593        8.490593
           3 ----------------------
       34.600736       31.633864       28.171634       25.151008       21.864148       18.302080       14.467482       10.389207        6.161394        2.087721
       31.633864       60.688647       55.503440       49.294807       44.109275       38.409167       32.140065       25.240533       17.640621        9.259503
       28.171634       55.503440       55.503440       49.294807       44.109275       38.409167       32.140065       25.240533       17.640621        9.259503
       25.151008       49.294807       49.294807       49.294807       44.109275       38.409167       32.140065       25.240533       17.640621        9.259503
       21.864148       44.109275       44.109275       44.109275       44.109275       38.409167       32.140065       25.240533       17.640621        9.259503
       18.302080       38.409167       38.409167       38.409167       38.409167       38.409167       32.140065       25.240533       17.640621        9.259503
       14.467482       32.140065       32.140065       32.140065       32.140065       32.140065       32.140065       25.240533       17.640621        9.259503
       10.389207       25.240533       25.240533       25.240533       25.240533       25.240533       25.240533       25.240533       17.640621        9.259503
        6.161394       17.640621       17.640621       17.640621       17.640621       17.640621       17.640621       17.640621       17.640621        9.259503
        2.087721        9.259503        9.259503        9.259503        9.259503        9.259503        9.259503        9.259503        9.259503        9.259503
           4 ----------------------
       45.912807       41.907878       37.134190       33.019910       28.391811       23.731962       18.750698       13.480762        8.028058        2.744231
       41.907878       67.071270       61.037806       53.543588       47.552746       40.627242       33.786547       26.359081       18.292270        9.527879
       37.134190       61.037806       61.037806       53.543588       47.552746       40.627242       33.786547       26.359081       18.292270        9.527879
       33.019910       53.543588       53.543588       53.543588       47.552746       40.627242       33.786547       26.359081       18.292270        9.527879
       28.391811       47.552746       47.552746       47.552746       47.552746       40.627242       33.786547       26.359081       18.292270        9.527879
       23.731962       40.627242       40.627242       40.627242       40.627242       40.627242       33.786547       26.359081       18.292270        9.527879
       18.750698       33.786547       33.786547       33.786547       33.786547       33.786547       33.786547       26.359081       18.292270        9.527879
       13.480762       26.359081       26.359081       26.359081       26.359081       26.359081       26.359081       26.359081       18.292270        9.527879
        8.028058       18.292270       18.292270       18.292270       18.292270       18.292270       18.292270       18.292270       18.292270        9.527879
        2.744231        9.527879        9.527879        9.527879        9.527879        9.527879        9.527879        9.527879        9.527879        9.527879
           5 ----------------------
       55.515489       50.700169       44.909076       39.754885       34.194458       28.645456       22.276310       16.082883        9.654268        3.352976
       50.700169       70.618221       64.169252       57.326382       50.448189       42.949683       35.718479       26.888465       18.584712        9.637639
       44.909076       64.169252       64.169252       57.326382       50.448189       42.949683       35.718479       26.888465       18.584712        9.637639
       39.754885       57.326382       57.326382       57.326382       50.448189       42.949683       35.718479       26.888465       18.584712        9.637639
       34.194458       50.448189       50.448189       50.448189       50.448189       42.949683       35.718479       26.888465       18.584712        9.637639
       28.645456       42.949683       42.949683       42.949683       42.949683       42.949683       35.718479       26.888465       18.584712        9.637639
       22.276310       35.718479       35.718479       35.718479       35.718479       35.718479       35.718479       26.888465       18.584712        9.637639
       16.082883       26.888465       26.888465       26.888465       26.888465       26.888465       26.888465       26.888465       18.584712        9.637639
        9.654268       18.584712       18.584712       18.584712       18.584712       18.584712       18.584712       18.584712       18.584712        9.637639
        3.352976        9.637639        9.637639        9.637639        9.637639        9.637639        9.637639        9.637639        9.637639        9.637639
           6 ----------------------
       63.412462       57.486913       50.914503       44.891465       38.481267       32.188622       24.925140       18.099096       10.975018        3.890175
       57.486913       73.822849       66.389401       59.250222       51.624125       44.062777       36.389367       26.867121       18.539258        9.597221
       50.914503       66.389401       66.389401       59.250222       51.624125       44.062777       36.389367       26.867121       18.539258        9.597221
       44.891465       59.250222       59.250222       59.250222       51.624125       44.062777       36.389367       26.867121       18.539258        9.597221
       38.481267       51.624125       51.624125       51.624125       51.624125       44.062777       36.389367       26.867121       18.539258        9.597221
       32.188622       44.062777       44.062777       44.062777       44.062777       44.062777       36.389367       26.867121       18.539258        9.597221
       24.925140       36.389367       36.389367       36.389367       36.389367       36.389367       36.389367       26.867121       18.539258        9.597221
       18.099096       26.867121       26.867121       26.867121       26.867121       26.867121       26.867121       26.867121       18.539258        9.597221
       10.975018       18.539258       18.539258       18.539258       18.539258       18.539258       18.539258       18.539258       18.539258        9.597221
        3.890175        9.597221        9.597221        9.597221        9.597221        9.597221        9.597221        9.597221        9.597221        9.597221
           7 ----------------------
       69.757540       62.996581       55.989249       49.123363       41.930076       34.925497       27.165880       19.838089       12.149028        4.396422
       62.996581       76.424678       68.571432       60.805650       52.657888       44.514544       36.268961       27.172193       18.734219        9.690739
       55.989249       68.571432       68.571432       60.805650       52.657888       44.514544       36.268961       27.172193       18.734219        9.690739
       49.123363       60.805650       60.805650       60.805650       52.657888       44.514544       36.268961       27.172193       18.734219        9.690739
       41.930076       52.657888       52.657888       52.657888       52.657888       44.514544       36.268961       27.172193       18.734219        9.690739
       34.925497       44.514544       44.514544       44.514544       44.514544       44.514544       36.268961       27.172193       18.734219        9.690739
       27.165880       36.268961       36.268961       36.268961       36.268961       36.268961       36.268961       27.172193       18.734219        9.690739
       19.838089       27.172193       27.172193       27.172193       27.172193       27.172193       27.172193       27.172193       18.734219        9.690739
       12.149028       18.734219       18.734219       18.734219       18.734219       18.734219       18.734219       18.734219       18.734219        9.690739
        4.396422        9.690739        9.690739        9.690739        9.690739        9.690739        9.690739        9.690739        9.690739        9.690739
           8 ----------------------
       74.697917       67.293693       59.727177       52.214018       44.579069       36.994873       28.989406       21.101530       13.050993        4.823550
       67.293693       78.175103       69.966539       61.836190       53.416067       45.007670       36.478799       27.853575       18.815739        9.734767
       59.727177       69.966539       69.966539       61.836190       53.416067       45.007670       36.478799       27.853575       18.815739        9.734767
       52.214018       61.836190       61.836190       61.836190       53.416067       45.007670       36.478799       27.853575       18.815739        9.734767
       44.579069       53.416067       53.416067       53.416067       53.416067       45.007670       36.478799       27.853575       18.815739        9.734767
       36.994873       45.007670       45.007670       45.007670       45.007670       45.007670       36.478799       27.853575       18.815739        9.734767
       28.989406       36.478799       36.478799       36.478799       36.478799       36.478799       36.478799       27.853575       18.815739        9.734767
       21.101530       27.853575       27.853575       27.853575       27.853575       27.853575       27.853575       27.853575       18.815739        9.734767
       13.050993       18.815739       18.815739       18.815739       18.815739       18.815739       18.815739       18.815739       18.815739        9.734767
        4.823550        9.734767        9.734767        9.734767        9.734767        9.734767        9.734767        9.734767        9.734767        9.734767
           9 ----------------------
       78.539076       70.652835       62.755935       54.777756       46.691773       38.658120       30.504721       22.142738       13.813088        5.204542
       70.652835       79.567703       71.092398       62.669195       54.041477       45.431260       36.758123       28.468484       18.869993        9.759620
       62.755935       71.092398       71.092398       62.669195       54.041477       45.431260       36.758123       28.468484       18.869993        9.759620
       54.777756       62.669195       62.669195       62.669195       54.041477       45.431260       36.758123       28.468484       18.869993        9.759620
       46.691773       54.041477       54.041477       54.041477       54.041477       45.431260       36.758123       28.468484       18.869993        9.759620
       38.658120       45.431260       45.431260       45.431260       45.431260       45.431260       36.758123       28.468484       18.869993        9.759620
       30.504721       36.758123       36.758123       36.758123       36.758123       36.758123       36.758123       28.468484       18.869993        9.759620
       22.142738       28.468484       28.468484       28.468484       28.468484       28.468484       28.468484       28.468484       18.869993        9.759620
       13.813088       18.869993       18.869993       18.869993       18.869993       18.869993       18.869993       18.869993       18.869993        9.759620
        5.204542        9.759620        9.759620        9.759620        9.759620        9.759620        9.759620        9.759620        9.759620        9.759620
          10 ----------------------
       81.293999       73.043129       64.796154       56.458287       48.106589       39.746575       31.308823       22.822353       14.349345        5.505632
       73.043129       80.333827       71.655078       63.012380       54.208481       45.421302       36.580971       28.007295       18.812605        9.728360
       64.796154       71.655078       71.655078       63.012380       54.208481       45.421302       36.580971       28.007295       18.812605        9.728360
       56.458287       63.012380       63.012380       63.012380       54.208481       45.421302       36.580971       28.007295       18.812605        9.728360
       48.106589       54.208481       54.208481       54.208481       54.208481       45.421302       36.580971       28.007295       18.812605        9.728360
       39.746575       45.421302       45.421302       45.421302       45.421302       45.421302       36.580971       28.007295       18.812605        9.728360
       31.308823       36.580971       36.580971       36.580971       36.580971       36.580971       36.580971       28.007295       18.812605        9.728360
       22.822353       28.007295       28.007295       28.007295       28.007295       28.007295       28.007295       28.007295       18.812605        9.728360
       14.349345       18.812605       18.812605       18.812605       18.812605       18.812605       18.812605       18.812605       18.812605        9.728360
        5.505632        9.728360        9.728360        9.728360        9.728360        9.728360        9.728360        9.728360        9.728360        9.728360
          11 ----------------------
       83.406936       74.885422       66.415457       57.822473       49.210297       40.594951       32.001211       23.408286       14.815561        5.776988
       74.885422       80.939636       72.099365       63.281930       54.340044       45.410008       36.432410       27.643510       18.818627        9.729803
       66.415457       72.099365       72.099365       63.281930       54.340044       45.410008       36.432410       27.643510       18.818627        9.729803
       57.822473       63.281930       63.281930       63.281930       54.340044       45.410008       36.432410       27.643510       18.818627        9.729803
       49.210297       54.340044       54.340044       54.340044       54.340044       45.410008       36.432410       27.643510       18.818627        9.729803
       40.594951       45.410008       45.410008       45.410008       45.410008       45.410008       36.432410       27.643510       18.818627        9.729803
       32.001211       36.432410       36.432410       36.432410       36.432410       36.432410       36.432410       27.643510       18.818627        9.729803
       23.408286       27.643510       27.643510       27.643510       27.643510       27.643510       27.643510       27.643510       18.818627        9.729803
       14.815561       18.818627       18.818627       18.818627       18.818627       18.818627       18.818627       18.818627       18.818627        9.729803
        5.776988        9.729803        9.729803        9.729803        9.729803        9.729803        9.729803        9.729803        9.729803        9.729803
          12 ----------------------
       84.936829       76.225742       67.560706       58.785528       50.030630       41.254004       32.505473       23.779647       15.137426        5.988844
       76.225742       81.420872       72.485069       63.572355       54.562438       45.570355       36.547638       27.683312       18.808172        9.725302
       67.560706       72.485069       72.485069       63.572355       54.562438       45.570355       36.547638       27.683312       18.808172        9.725302
       58.785528       63.572355       63.572355       63.572355       54.562438       45.570355       36.547638       27.683312       18.808172        9.725302
       50.030630       54.562438       54.562438       54.562438       54.562438       45.570355       36.547638       27.683312       18.808172        9.725302
       41.254004       45.570355       45.570355       45.570355       45.570355       45.570355       36.547638       27.683312       18.808172        9.725302
       32.505473       36.547638       36.547638       36.547638       36.547638       36.547638       36.547638       27.683312       18.808172        9.725302
       23.779647       27.683312       27.683312       27.683312       27.683312       27.683312       27.683312       27.683312       18.808172        9.725302
       15.137426       18.808172       18.808172       18.808172       18.808172       18.808172       18.808172       18.808172       18.808172        9.725302
        5.988844        9.725302        9.725302        9.725302        9.725302        9.725302        9.725302        9.725302        9.725302        9.725302
          13 ----------------------
       86.101301       77.243597       68.447391       59.539753       50.646720       41.741148       32.903381       24.288339       15.387214        6.166654
       77.243597       81.785007       72.768195       63.774526       54.704139       45.655138       36.587879       27.657179       18.734083        9.685778
       68.447391       72.768195       72.768195       63.774526       54.704139       45.655138       36.587879       27.657179       18.734083        9.685778
       59.539753       63.774526       63.774526       63.774526       54.704139       45.655138       36.587879       27.657179       18.734083        9.685778
       50.646720       54.704139       54.704139       54.704139       54.704139       45.655138       36.587879       27.657179       18.734083        9.685778
       41.741148       45.655138       45.655138       45.655138       45.655138       45.655138       36.587879       27.657179       18.734083        9.685778
       32.903381       36.587879       36.587879       36.587879       36.587879       36.587879       36.587879       27.657179       18.734083        9.685778
       24.288339       27.657179       27.657179       27.657179       27.657179       27.657179       27.657179       27.657179       18.734083        9.685778
       15.387214       18.734083       18.734083       18.734083       18.734083       18.734083       18.734083       18.734083       18.734083        9.685778
        6.166654        9.685778        9.685778        9.685778        9.685778        9.685778        9.685778        9.685778        9.685778        9.685778
          14 ----------------------
       87.031453       78.071492       69.164435       60.163163       51.190597       42.193418       33.261572       24.574138       15.601647        6.321014
       78.071492       82.203420       73.131830       64.081615       54.973455       45.880214       36.772387       27.780339       18.794217        9.717301
       69.164435       73.131830       73.131830       64.081615       54.973455       45.880214       36.772387       27.780339       18.794217        9.717301
       60.163163       64.081615       64.081615       64.081615       54.973455       45.880214       36.772387       27.780339       18.794217        9.717301
       51.190597       54.973455       54.973455       54.973455       54.973455       45.880214       36.772387       27.780339       18.794217        9.717301
       42.193418       45.880214       45.880214       45.880214       45.880214       45.880214       36.772387       27.780339       18.794217        9.717301
       33.261572       36.772387       36.772387       36.772387       36.772387       36.772387       36.772387       27.780339       18.794217        9.717301
       24.574138       27.780339       27.780339       27.780339       27.780339       27.780339       27.780339       27.780339       18.794217        9.717301
       15.601647       18.794217       18.794217       18.794217       18.794217       18.794217       18.794217       18.794217       18.794217        9.717301
        6.321014        9.717301        9.717301        9.717301        9.717301        9.717301        9.717301        9.717301        9.717301        9.717301
          15 ----------------------
       87.734003       78.691431       69.708387       60.633625       51.581787       42.511019       33.519339       24.641822       15.751058        6.444301
       78.691431       82.512083       73.391377       64.298245       55.150282       46.016549       36.871433       27.827735       18.789550        9.716594
       69.708387       73.391377       73.391377       64.298245       55.150282       46.016549       36.871433       27.827735       18.789550        9.716594
       60.633625       64.298245       64.298245       64.298245       55.150282       46.016549       36.871433       27.827735       18.789550        9.716594
       51.581787       55.150282       55.150282       55.150282       55.150282       46.016549       36.871433       27.827735       18.789550        9.716594
       42.511019       46.016549       46.016549       46.016549       46.016549       46.016549       36.871433       27.827735       18.789550        9.716594
       33.519339       36.871433       36.871433       36.871433       36.871433       36.871433       36.871433       27.827735       18.789550        9.716594
       24.641822       27.827735       27.827735       27.827735       27.827735       27.827735       27.827735       27.827735       18.789550        9.716594
       15.751058       18.789550       18.789550       18.789550       18.789550       18.789550       18.789550       18.789550       18.789550        9.716594
        6.444301        9.716594        9.716594        9.716594        9.716594        9.716594        9.716594        9.716594        9.716594        9.716594
          16 ----------------------
       88.381153       79.274042       70.221462       61.089601       51.984587       42.858148       33.801518       24.842352       15.915472        6.562551
       79.274042       82.908511       73.747280       64.611017       55.427079       46.254931       37.072850       27.980265       18.892549        9.769860
       70.221462       73.747280       73.747280       64.611017       55.427079       46.254931       37.072850       27.980265       18.892549        9.769860
       61.089601       64.611017       64.611017       64.611017       55.427079       46.254931       37.072850       27.980265       18.892549        9.769860
       51.984587       55.427079       55.427079       55.427079       55.427079       46.254931       37.072850       27.980265       18.892549        9.769860
       42.858148       46.254931       46.254931       46.254931       46.254931       46.254931       37.072850       27.980265       18.892549        9.769860
       33.801518       37.072850       37.072850       37.072850       37.072850       37.072850       37.072850       27.980265       18.892549        9.769860
       24.842352       27.980265       27.980265       27.980265       27.980265       27.980265       27.980265       27.980265       18.892549        9.769860
       15.915472       18.892549       18.892549       18.892549       18.892549       18.892549       18.892549       18.892549       18.892549        9.769860
        6.562551        9.769860        9.769860        9.769860        9.769860        9.769860        9.769860        9.769860        9.769860        9.769860
          17 ----------------------
       88.859769       79.704321       70.599471       61.423855       52.270722       43.097273       34.000841       24.934040       16.029357        6.655959
       79.704321       83.187252       73.995702       64.820985       55.609951       46.410687       37.203607       28.076850       18.956470        9.804673
       70.599471       73.995702       73.995702       64.820985       55.609951       46.410687       37.203607       28.076850       18.956470        9.804673
       61.423855       64.820985       64.820985       64.820985       55.609951       46.410687       37.203607       28.076850       18.956470        9.804673
       52.270722       55.609951       55.609951       55.609951       55.609951       46.410687       37.203607       28.076850       18.956470        9.804673
       43.097273       46.410687       46.410687       46.410687       46.410687       46.410687       37.203607       28.076850       18.956470        9.804673
       34.000841       37.203607       37.203607       37.203607       37.203607       37.203607       37.203607       28.076850       18.956470        9.804673
       24.934040       28.076850       28.076850       28.076850       28.076850       28.076850       28.076850       28.076850       18.956470        9.804673
       16.029357       18.956470       18.956470       18.956470       18.956470       18.956470       18.956470       18.956470       18.956470        9.804673
        6.655959        9.804673        9.804673        9.804673        9.804673        9.804673        9.804673        9.804673        9.804673        9.804673
          18 ----------------------
       89.306906       80.109366       70.954594       61.737307       52.542645       43.327113       34.174396       25.050367       16.089525        6.720943
       80.109366       83.461640       74.232790       65.018728       55.770702       46.532211       37.285073       28.101231       18.918586        9.760077
       70.954594       74.232790       74.232790       65.018728       55.770702       46.532211       37.285073       28.101231       18.918586        9.760077
       61.737307       65.018728       65.018728       65.018728       55.770702       46.532211       37.285073       28.101231       18.918586        9.760077
       52.542645       55.770702       55.770702       55.770702       55.770702       46.532211       37.285073       28.101231       18.918586        9.760077
       43.327113       46.532211       46.532211       46.532211       46.532211       46.532211       37.285073       28.101231       18.918586        9.760077
       34.174396       37.285073       37.285073       37.285073       37.285073       37.285073       37.285073       28.101231       18.918586        9.760077
       25.050367       28.101231       28.101231       28.101231       28.101231       28.101231       28.101231       28.101231       18.918586        9.760077
       16.089525       18.918586       18.918586       18.918586       18.918586       18.918586       18.918586       18.918586       18.918586        9.760077
        6.720943        9.760077        9.760077        9.760077        9.760077        9.760077        9.760077        9.760077        9.760077        9.760077
          19 ----------------------
       89.656489       80.421108       71.228544       61.976013       52.742282       43.490756       34.300745       25.104584       16.119199        6.768760
       80.421108       83.694782       74.431342       65.187556       55.906066       46.631283       37.346678       28.117558       18.885171        9.714003
       71.228544       74.431342       74.431342       65.187556       55.906066       46.631283       37.346678       28.117558       18.885171        9.714003
       61.976013       65.187556       65.187556       65.187556       55.906066       46.631283       37.346678       28.117558       18.885171        9.714003
       52.742282       55.906066       55.906066       55.906066       55.906066       46.631283       37.346678       28.117558       18.885171        9.714003
       43.490756       46.631283       46.631283       46.631283       46.631283       46.631283       37.346678       28.117558       18.885171        9.714003
       34.300745       37.346678       37.346678       37.346678       37.346678       37.346678       37.346678       28.117558       18.885171        9.714003
       25.104584       28.117558       28.117558       28.117558       28.117558       28.117558       28.117558       28.117558       18.885171        9.714003
       16.119199       18.885171       18.885171       18.885171       18.885171       18.885171       18.885171       18.885171       18.885171        9.714003
        6.768760        9.714003        9.714003        9.714003        9.714003        9.714003        9.714003        9.714003        9.714003        9.714003
          20 ----------------------
       90.000238       80.728803       71.500804       62.213564       52.947363       43.664221       34.439398       25.209419       16.179207        6.822412
       80.728803       83.938133       74.644470       65.368819       56.059359       46.756026       37.444530       28.191900       18.940637        9.744165
       71.500804       74.644470       74.644470       65.368819       56.059359       46.756026       37.444530       28.191900       18.940637        9.744165
       62.213564       65.368819       65.368819       65.368819       56.059359       46.756026       37.444530       28.191900       18.940637        9.744165
       52.947363       56.059359       56.059359       56.059359       56.059359       46.756026       37.444530       28.191900       18.940637        9.744165
       43.664221       46.756026       46.756026       46.756026       46.756026       46.756026       37.444530       28.191900       18.940637        9.744165
       34.439398       37.444530       37.444530       37.444530       37.444530       37.444530       37.444530       28.191900       18.940637        9.744165
       25.209419       28.191900       28.191900       28.191900       28.191900       28.191900       28.191900       28.191900       18.940637        9.744165
       16.179207       18.940637       18.940637       18.940637       18.940637       18.940637       18.940637       18.940637       18.940637        9.744165
        6.822412        9.744165        9.744165        9.744165        9.744165        9.744165        9.744165        9.744165        9.744165        9.744165
          21 ----------------------
       90.257000       80.957662       71.696107       62.382387       53.087393       43.775313       34.521534       25.249039       16.166795        6.844479
       80.957662       84.104993       74.787194       65.479129       56.146138       46.819346       37.485757       28.206669       18.930769        9.701263
       71.696107       74.787194       74.787194       65.479129       56.146138       46.819346       37.485757       28.206669       18.930769        9.701263
       62.382387       65.479129       65.479129       65.479129       56.146138       46.819346       37.485757       28.206669       18.930769        9.701263
       53.087393       56.146138       56.146138       56.146138       56.146138       46.819346       37.485757       28.206669       18.930769        9.701263
       43.775313       46.819346       46.819346       46.819346       46.819346       46.819346       37.485757       28.206669       18.930769        9.701263
       34.521534       37.485757       37.485757       37.485757       37.485757       37.485757       37.485757       28.206669       18.930769        9.701263
       25.249039       28.206669       28.206669       28.206669       28.206669       28.206669       28.206669       28.206669       18.930769        9.701263
       16.166795       18.930769       18.930769       18.930769       18.930769       18.930769       18.930769       18.930769       18.930769        9.701263
        6.844479        9.701263        9.701263        9.701263        9.701263        9.701263        9.701263        9.701263        9.701263        9.701263
          22 ----------------------
       90.515514       81.192617       71.900759       62.564618       53.244784       43.909012       34.622246       25.322871       16.179050        6.870735
       81.192617       84.286459       74.946079       65.615093       56.261115       46.913208       37.559258       28.248541       18.938282        9.673266
       71.900759       74.946079       74.946079       65.615093       56.261115       46.913208       37.559258       28.248541       18.938282        9.673266
       62.564618       65.615093       65.615093       65.615093       56.261115       46.913208       37.559258       28.248541       18.938282        9.673266
       53.244784       56.261115       56.261115       56.261115       56.261115       46.913208       37.559258       28.248541       18.938282        9.673266
       43.909012       46.913208       46.913208       46.913208       46.913208       46.913208       37.559258       28.248541       18.938282        9.673266
       34.622246       37.559258       37.559258       37.559258       37.559258       37.559258       37.559258       28.248541       18.938282        9.673266
       25.322871       28.248541       28.248541       28.248541       28.248541       28.248541       28.248541       28.248541       18.938282        9.673266
       16.179050       18.938282       18.938282       18.938282       18.938282       18.938282       18.938282       18.938282       18.938282        9.673266
        6.870735        9.673266        9.673266        9.673266        9.673266        9.673266        9.673266        9.673266        9.673266        9.673266
          23 ----------------------
       90.731118       81.388653       72.074211       62.720458       53.381906       44.030706       34.721762       25.391398       16.232480        6.909127
       81.388653       84.459133       75.104007       65.758518       56.393258       47.035168       37.673263       28.347074       19.023359        9.751221
       72.074211       75.104007       75.104007       65.758518       56.393258       47.035168       37.673263       28.347074       19.023359        9.751221
       62.720458       65.758518       65.758518       65.758518       56.393258       47.035168       37.673263       28.347074       19.023359        9.751221
       53.381906       56.393258       56.393258       56.393258       56.393258       47.035168       37.673263       28.347074       19.023359        9.751221
       44.030706       47.035168       47.035168       47.035168       47.035168       47.035168       37.673263       28.347074       19.023359        9.751221
       34.721762       37.673263       37.673263       37.673263       37.673263       37.673263       37.673263       28.347074       19.023359        9.751221
       25.391398       28.347074       28.347074       28.347074       28.347074       28.347074       28.347074       28.347074       19.023359        9.751221
       16.232480       19.023359       19.023359       19.023359       19.023359       19.023359       19.023359       19.023359       19.023359        9.751221
        6.909127        9.751221        9.751221        9.751221        9.751221        9.751221        9.751221        9.751221        9.751221        9.751221
          24 ----------------------
       90.939846       81.578859       72.242356       62.871202       53.513902       44.144940       34.815204       25.464347       16.266398        6.937704
       81.578859       84.619258       75.247579       65.885357       56.505010       47.131931       37.755909       28.414225       19.077260        9.784194
       72.242356       75.247579       75.247579       65.885357       56.505010       47.131931       37.755909       28.414225       19.077260        9.784194
