 time step =            1 ;
  0.146168E+00;  0.198078E+00;  0.236553E+00;  0.231763E+00;  0.161468E+00;  0.116564E+00;  0.116519E+00;  0.141804E+00;  0.161710E+00;  0.139671E+00;
  0.172830E+00;  0.258406E+00;  0.283392E+00;  0.217362E+00;  0.142507E+00;  0.117252E+00;  0.145574E+00;  0.213852E+00;  0.231356E+00;  0.169317E+00;
  0.146169E+00;  0.209767E+00;  0.235969E+00;  0.171073E+00;  0.120473E+00;  0.121032E+00;  0.190861E+00;  0.283389E+00;  0.236416E+00;  0.150063E+00;
  0.121724E+00;  0.168472E+00;  0.212427E+00;  0.162077E+00;  0.117028E+00;  0.123777E+00;  0.210455E+00;  0.306912E+00;  0.223449E+00;  0.131680E+00;
  0.116912E+00;  0.135091E+00;  0.158183E+00;  0.134666E+00;  0.113355E+00;  0.124105E+00;  0.198010E+00;  0.287191E+00;  0.236970E+00;  0.146464E+00;
  0.120901E+00;  0.117211E+00;  0.123034E+00;  0.116245E+00;  0.113573E+00;  0.139002E+00;  0.194379E+00;  0.240206E+00;  0.238625E+00;  0.169197E+00;
  0.145703E+00;  0.145570E+00;  0.161674E+00;  0.135310E+00;  0.119528E+00;  0.158327E+00;  0.209189E+00;  0.194497E+00;  0.194381E+00;  0.184823E+00;
  0.190979E+00;  0.213604E+00;  0.227573E+00;  0.161674E+00;  0.119766E+00;  0.134669E+00;  0.158445E+00;  0.145561E+00;  0.168712E+00;  0.209349E+00;
  0.187271E+00;  0.231903E+00;  0.210762E+00;  0.148854E+00;  0.116935E+00;  0.112998E+00;  0.115900E+00;  0.116383E+00;  0.135741E+00;  0.165122E+00;
  0.143689E+00;  0.176541E+00;  0.178268E+00;  0.169345E+00;  0.135613E+00;  0.112528E+00;  0.109678E+00;  0.113291E+00;  0.119815E+00;  0.123866E+00;
 time step =            2 ;
  0.146168E+00;  0.198078E+00;  0.236553E+00;  0.231763E+00;  0.161468E+00;  0.116562E+00;  0.116515E+00;  0.141802E+00;  0.161709E+00;  0.139671E+00;
  0.172830E+00;  0.258406E+00;  0.283392E+00;  0.217362E+00;  0.142507E+00;  0.117252E+00;  0.145574E+00;  0.213852E+00;  0.231356E+00;  0.169317E+00;
  0.146169E+00;  0.209767E+00;  0.235969E+00;  0.171073E+00;  0.120473E+00;  0.121030E+00;  0.190858E+00;  0.283387E+00;  0.236416E+00;  0.150063E+00;
  0.121724E+00;  0.168472E+00;  0.212427E+00;  0.162076E+00;  0.117006E+00;  0.123622E+00;  0.210162E+00;  0.306757E+00;  0.223426E+00;  0.131679E+00;
  0.116912E+00;  0.135091E+00;  0.158183E+00;  0.134643E+00;  0.112800E+00;  0.120322E+00;  0.190835E+00;  0.283408E+00;  0.236415E+00;  0.146442E+00;
  0.120899E+00;  0.117211E+00;  0.123033E+00;  0.116091E+00;  0.109789E+00;  0.113196E+00;  0.145439E+00;  0.214401E+00;  0.234842E+00;  0.169043E+00;
  0.145699E+00;  0.145570E+00;  0.161671E+00;  0.135017E+00;  0.112353E+00;  0.109387E+00;  0.116376E+00;  0.145557E+00;  0.187207E+00;  0.184530E+00;
  0.190977E+00;  0.213604E+00;  0.227572E+00;  0.161520E+00;  0.115983E+00;  0.108863E+00;  0.109505E+00;  0.119755E+00;  0.164929E+00;  0.209195E+00;
  0.187271E+00;  0.231903E+00;  0.210761E+00;  0.148832E+00;  0.116380E+00;  0.109215E+00;  0.108725E+00;  0.112600E+00;  0.135187E+00;  0.165099E+00;
  0.143689E+00;  0.176541E+00;  0.178268E+00;  0.169344E+00;  0.135591E+00;  0.112374E+00;  0.109386E+00;  0.113137E+00;  0.119792E+00;  0.123865E+00;
 time step =            3 ;
  0.146168E+00;  0.198078E+00;  0.236553E+00;  0.231763E+00;  0.161468E+00;  0.116562E+00;  0.116515E+00;  0.141802E+00;  0.161709E+00;  0.139671E+00;
  0.172830E+00;  0.258406E+00;  0.283392E+00;  0.217362E+00;  0.142507E+00;  0.117252E+00;  0.145574E+00;  0.213852E+00;  0.231356E+00;  0.169317E+00;
  0.146169E+00;  0.209767E+00;  0.235969E+00;  0.171073E+00;  0.120473E+00;  0.121030E+00;  0.190858E+00;  0.283387E+00;  0.236416E+00;  0.150063E+00;
  0.121724E+00;  0.168472E+00;  0.212427E+00;  0.162076E+00;  0.117006E+00;  0.123622E+00;  0.210162E+00;  0.306757E+00;  0.223426E+00;  0.131679E+00;
  0.116912E+00;  0.135091E+00;  0.158183E+00;  0.134643E+00;  0.112800E+00;  0.120322E+00;  0.190835E+00;  0.283408E+00;  0.236415E+00;  0.146442E+00;
  0.120899E+00;  0.117211E+00;  0.123033E+00;  0.116091E+00;  0.109789E+00;  0.113196E+00;  0.145439E+00;  0.214401E+00;  0.234842E+00;  0.169043E+00;
  0.145699E+00;  0.145570E+00;  0.161671E+00;  0.135017E+00;  0.112353E+00;  0.109387E+00;  0.116376E+00;  0.145557E+00;  0.187207E+00;  0.184530E+00;
  0.190977E+00;  0.213604E+00;  0.227572E+00;  0.161520E+00;  0.115983E+00;  0.108863E+00;  0.109505E+00;  0.119755E+00;  0.164929E+00;  0.209195E+00;
  0.187271E+00;  0.231903E+00;  0.210761E+00;  0.148832E+00;  0.116380E+00;  0.109215E+00;  0.108725E+00;  0.112600E+00;  0.135187E+00;  0.165099E+00;
  0.143689E+00;  0.176541E+00;  0.178268E+00;  0.169344E+00;  0.135591E+00;  0.112374E+00;  0.109386E+00;  0.113137E+00;  0.119792E+00;  0.123865E+00;
 time step =            4 ;
  0.116087E+00;  0.134612E+00;  0.157732E+00;  0.134457E+00;  0.112305E+00;  0.108807E+00;  0.112283E+00;  0.134303E+00;  0.157439E+00;  0.134458E+00;
  0.122848E+00;  0.157732E+00;  0.201318E+00;  0.157439E+00;  0.115676E+00;  0.109083E+00;  0.115676E+00;  0.157439E+00;  0.201318E+00;  0.157732E+00;
  0.116087E+00;  0.134458E+00;  0.157439E+00;  0.134303E+00;  0.112283E+00;  0.108807E+00;  0.112305E+00;  0.134457E+00;  0.157732E+00;  0.134612E+00;
  0.110162E+00;  0.112328E+00;  0.115676E+00;  0.112283E+00;  0.109053E+00;  0.108566E+00;  0.109607E+00;  0.116064E+00;  0.122848E+00;  0.116087E+00;
  0.112349E+00;  0.108961E+00;  0.109084E+00;  0.108806E+00;  0.108545E+00;  0.108655E+00;  0.112304E+00;  0.134457E+00;  0.157730E+00;  0.134459E+00;
  0.116228E+00;  0.112575E+00;  0.115679E+00;  0.112283E+00;  0.109056E+00;  0.108813E+00;  0.115673E+00;  0.157439E+00;  0.201314E+00;  0.157462E+00;
  0.116064E+00;  0.134457E+00;  0.157439E+00;  0.134303E+00;  0.112283E+00;  0.108806E+00;  0.112283E+00;  0.134303E+00;  0.157439E+00;  0.134457E+00;
  0.116228E+00;  0.157462E+00;  0.201314E+00;  0.157439E+00;  0.115673E+00;  0.108813E+00;  0.109056E+00;  0.112283E+00;  0.115679E+00;  0.112575E+00;
  0.112349E+00;  0.134459E+00;  0.157730E+00;  0.134457E+00;  0.112304E+00;  0.108655E+00;  0.108545E+00;  0.108806E+00;  0.109084E+00;  0.108961E+00;
  0.110162E+00;  0.116087E+00;  0.122848E+00;  0.116064E+00;  0.109607E+00;  0.108566E+00;  0.109053E+00;  0.112283E+00;  0.115676E+00;  0.112328E+00;
 time step =            5 ;
  0.141892E+00;  0.138395E+00;  0.157886E+00;  0.134459E+00;  0.112305E+00;  0.108809E+00;  0.112437E+00;  0.138087E+00;  0.183245E+00;  0.183398E+00;
  0.126631E+00;  0.158286E+00;  0.201340E+00;  0.157439E+00;  0.115676E+00;  0.109083E+00;  0.115699E+00;  0.157994E+00;  0.205101E+00;  0.164907E+00;
  0.116241E+00;  0.134481E+00;  0.157440E+00;  0.134303E+00;  0.112283E+00;  0.108807E+00;  0.112306E+00;  0.134480E+00;  0.157886E+00;  0.134904E+00;
  0.110164E+00;  0.112328E+00;  0.115676E+00;  0.112283E+00;  0.109053E+00;  0.108566E+00;  0.109607E+00;  0.116065E+00;  0.122850E+00;  0.116090E+00;
  0.112349E+00;  0.108961E+00;  0.109084E+00;  0.108806E+00;  0.108545E+00;  0.108655E+00;  0.112304E+00;  0.134457E+00;  0.157730E+00;  0.134459E+00;
  0.116230E+00;  0.112575E+00;  0.115679E+00;  0.112283E+00;  0.109056E+00;  0.108813E+00;  0.115673E+00;  0.157439E+00;  0.201316E+00;  0.157465E+00;
  0.116218E+00;  0.134480E+00;  0.157440E+00;  0.134303E+00;  0.112283E+00;  0.108806E+00;  0.112284E+00;  0.134326E+00;  0.157593E+00;  0.134750E+00;
  0.120011E+00;  0.158016E+00;  0.201337E+00;  0.157439E+00;  0.115673E+00;  0.108813E+00;  0.109079E+00;  0.112837E+00;  0.119463E+00;  0.119750E+00;
  0.138154E+00;  0.138243E+00;  0.157884E+00;  0.134459E+00;  0.112304E+00;  0.108656E+00;  0.108699E+00;  0.112589E+00;  0.134890E+00;  0.157901E+00;
  0.159102E+00;  0.123262E+00;  0.123140E+00;  0.116068E+00;  0.109607E+00;  0.108569E+00;  0.109346E+00;  0.119458E+00;  0.164616E+00;  0.205141E+00;
 time step =            6 ;
  0.108498E+00;  0.108498E+00;  0.108498E+00;  0.108498E+00;  0.108498E+00;  0.108498E+00;  0.108498E+00;  0.108498E+00;  0.108498E+00;  0.108498E+00;
  0.108498E+00;  0.108498E+00;  0.108498E+00;  0.108498E+00;  0.108498E+00;  0.108498E+00;  0.108498E+00;  0.108498E+00;  0.108498E+00;  0.108498E+00;
  0.108498E+00;  0.108498E+00;  0.108498E+00;  0.108498E+00;  0.108498E+00;  0.108498E+00;  0.108498E+00;  0.108498E+00;  0.108498E+00;  0.108498E+00;
  0.108498E+00;  0.108498E+00;  0.108498E+00;  0.108498E+00;  0.108498E+00;  0.108498E+00;  0.108498E+00;  0.108498E+00;  0.108498E+00;  0.108498E+00;
  0.108498E+00;  0.108498E+00;  0.108498E+00;  0.108498E+00;  0.108498E+00;  0.108498E+00;  0.108498E+00;  0.108498E+00;  0.108498E+00;  0.108498E+00;
  0.108498E+00;  0.108498E+00;  0.108498E+00;  0.108498E+00;  0.108498E+00;  0.108498E+00;  0.108498E+00;  0.108498E+00;  0.108498E+00;  0.108498E+00;
  0.108498E+00;  0.108498E+00;  0.108498E+00;  0.108498E+00;  0.108498E+00;  0.108498E+00;  0.108498E+00;  0.108498E+00;  0.108498E+00;  0.108498E+00;
  0.108498E+00;  0.108498E+00;  0.108498E+00;  0.108498E+00;  0.108498E+00;  0.108498E+00;  0.108498E+00;  0.108498E+00;  0.108498E+00;  0.108498E+00;
  0.108498E+00;  0.108498E+00;  0.108498E+00;  0.108498E+00;  0.108498E+00;  0.108498E+00;  0.108498E+00;  0.108498E+00;  0.108498E+00;  0.108498E+00;
  0.108498E+00;  0.108498E+00;  0.108498E+00;  0.108498E+00;  0.108498E+00;  0.108498E+00;  0.108498E+00;  0.108498E+00;  0.108498E+00;  0.108498E+00;
 time step =            7 ;
  0.108498E+00;  0.108498E+00;  0.108498E+00;  0.108498E+00;  0.108498E+00;  0.108498E+00;  0.108498E+00;  0.108498E+00;  0.108498E+00;  0.108498E+00;
  0.108498E+00;  0.108498E+00;  0.108498E+00;  0.108498E+00;  0.108498E+00;  0.108498E+00;  0.108498E+00;  0.108498E+00;  0.108498E+00;  0.108498E+00;
  0.108498E+00;  0.108498E+00;  0.108498E+00;  0.108498E+00;  0.108498E+00;  0.108498E+00;  0.108498E+00;  0.108498E+00;  0.108498E+00;  0.108498E+00;
  0.108498E+00;  0.108498E+00;  0.108498E+00;  0.108498E+00;  0.108498E+00;  0.108498E+00;  0.108498E+00;  0.108498E+00;  0.108498E+00;  0.108498E+00;
  0.108498E+00;  0.108498E+00;  0.108498E+00;  0.108498E+00;  0.108498E+00;  0.108498E+00;  0.108498E+00;  0.108498E+00;  0.108498E+00;  0.108498E+00;
  0.108498E+00;  0.108498E+00;  0.108498E+00;  0.108498E+00;  0.108498E+00;  0.108498E+00;  0.108498E+00;  0.108498E+00;  0.108498E+00;  0.108498E+00;
  0.108498E+00;  0.108498E+00;  0.108498E+00;  0.108498E+00;  0.108498E+00;  0.108498E+00;  0.108498E+00;  0.108498E+00;  0.108498E+00;  0.108498E+00;
  0.108498E+00;  0.108498E+00;  0.108498E+00;  0.108498E+00;  0.108498E+00;  0.108498E+00;  0.108498E+00;  0.108498E+00;  0.108498E+00;  0.108498E+00;
  0.108498E+00;  0.108498E+00;  0.108498E+00;  0.108498E+00;  0.108498E+00;  0.108498E+00;  0.108498E+00;  0.108498E+00;  0.108498E+00;  0.108498E+00;
  0.108498E+00;  0.108498E+00;  0.108498E+00;  0.108498E+00;  0.108498E+00;  0.108498E+00;  0.108498E+00;  0.108498E+00;  0.108498E+00;  0.108498E+00;
 time step =            8 ;
  0.108498E+00;  0.108498E+00;  0.108498E+00;  0.108498E+00;  0.108498E+00;  0.108498E+00;  0.108498E+00;  0.108498E+00;  0.108498E+00;  0.108498E+00;
  0.108498E+00;  0.108498E+00;  0.108498E+00;  0.108498E+00;  0.108498E+00;  0.108498E+00;  0.108498E+00;  0.108498E+00;  0.108498E+00;  0.108498E+00;
  0.108498E+00;  0.108498E+00;  0.108498E+00;  0.108498E+00;  0.108498E+00;  0.108498E+00;  0.108498E+00;  0.108498E+00;  0.108498E+00;  0.108498E+00;
  0.108498E+00;  0.108498E+00;  0.108498E+00;  0.108498E+00;  0.108498E+00;  0.108498E+00;  0.108498E+00;  0.108498E+00;  0.108498E+00;  0.108498E+00;
  0.108498E+00;  0.108498E+00;  0.108498E+00;  0.108498E+00;  0.108498E+00;  0.108498E+00;  0.108498E+00;  0.108498E+00;  0.108498E+00;  0.108498E+00;
  0.108498E+00;  0.108498E+00;  0.108498E+00;  0.108498E+00;  0.108498E+00;  0.108498E+00;  0.108498E+00;  0.108498E+00;  0.108498E+00;  0.108498E+00;
  0.108498E+00;  0.108498E+00;  0.108498E+00;  0.108498E+00;  0.108498E+00;  0.108498E+00;  0.108498E+00;  0.108498E+00;  0.108498E+00;  0.108498E+00;
  0.108498E+00;  0.108498E+00;  0.108498E+00;  0.108498E+00;  0.108498E+00;  0.108498E+00;  0.108498E+00;  0.108498E+00;  0.108498E+00;  0.108498E+00;
  0.108498E+00;  0.108498E+00;  0.108498E+00;  0.108498E+00;  0.108498E+00;  0.108498E+00;  0.108498E+00;  0.108498E+00;  0.108498E+00;  0.108498E+00;
  0.108498E+00;  0.108498E+00;  0.108498E+00;  0.108498E+00;  0.108498E+00;  0.108498E+00;  0.108498E+00;  0.108498E+00;  0.108498E+00;  0.108498E+00;
 time step =            9 ;
  0.108498E+00;  0.108498E+00;  0.108498E+00;  0.108498E+00;  0.108498E+00;  0.108498E+00;  0.108498E+00;  0.108498E+00;  0.108498E+00;  0.108498E+00;
  0.108498E+00;  0.108498E+00;  0.108498E+00;  0.108498E+00;  0.108498E+00;  0.108498E+00;  0.108498E+00;  0.108498E+00;  0.108498E+00;  0.108498E+00;
  0.108498E+00;  0.108498E+00;  0.108498E+00;  0.108498E+00;  0.108498E+00;  0.108498E+00;  0.108498E+00;  0.108498E+00;  0.108498E+00;  0.108498E+00;
  0.108498E+00;  0.108498E+00;  0.108498E+00;  0.108498E+00;  0.108498E+00;  0.108498E+00;  0.108498E+00;  0.108498E+00;  0.108498E+00;  0.108498E+00;
  0.108498E+00;  0.108498E+00;  0.108498E+00;  0.108498E+00;  0.108498E+00;  0.108498E+00;  0.108498E+00;  0.108498E+00;  0.108498E+00;  0.108498E+00;
  0.108498E+00;  0.108498E+00;  0.108498E+00;  0.108498E+00;  0.108498E+00;  0.108498E+00;  0.108498E+00;  0.108498E+00;  0.108498E+00;  0.108498E+00;
  0.108498E+00;  0.108498E+00;  0.108498E+00;  0.108498E+00;  0.108498E+00;  0.108498E+00;  0.108498E+00;  0.108498E+00;  0.108498E+00;  0.108498E+00;
  0.108498E+00;  0.108498E+00;  0.108498E+00;  0.108498E+00;  0.108498E+00;  0.108498E+00;  0.108498E+00;  0.108498E+00;  0.108498E+00;  0.108498E+00;
  0.108498E+00;  0.108498E+00;  0.108498E+00;  0.108498E+00;  0.108498E+00;  0.108498E+00;  0.108498E+00;  0.108498E+00;  0.108498E+00;  0.108498E+00;
  0.108498E+00;  0.108498E+00;  0.108498E+00;  0.108498E+00;  0.108498E+00;  0.108498E+00;  0.108498E+00;  0.108498E+00;  0.108498E+00;  0.108498E+00;
 time step =           10 ;
  0.134303E+00;  0.112281E+00;  0.108652E+00;  0.108499E+00;  0.108498E+00;  0.108499E+00;  0.108652E+00;  0.112281E+00;  0.134303E+00;  0.157437E+00;
  0.112281E+00;  0.109052E+00;  0.108520E+00;  0.108498E+00;  0.108498E+00;  0.108498E+00;  0.108520E+00;  0.109052E+00;  0.112281E+00;  0.115673E+00;
  0.108652E+00;  0.108520E+00;  0.108499E+00;  0.108498E+00;  0.108498E+00;  0.108498E+00;  0.108499E+00;  0.108520E+00;  0.108652E+00;  0.108790E+00;
  0.108499E+00;  0.108498E+00;  0.108498E+00;  0.108498E+00;  0.108498E+00;  0.108498E+00;  0.108498E+00;  0.108498E+00;  0.108499E+00;  0.108501E+00;
  0.108498E+00;  0.108498E+00;  0.108498E+00;  0.108498E+00;  0.108498E+00;  0.108498E+00;  0.108498E+00;  0.108498E+00;  0.108498E+00;  0.108498E+00;
  0.108499E+00;  0.108498E+00;  0.108498E+00;  0.108498E+00;  0.108498E+00;  0.108498E+00;  0.108498E+00;  0.108498E+00;  0.108499E+00;  0.108501E+00;
  0.108652E+00;  0.108520E+00;  0.108499E+00;  0.108498E+00;  0.108498E+00;  0.108498E+00;  0.108499E+00;  0.108520E+00;  0.108652E+00;  0.108790E+00;
  0.112281E+00;  0.109052E+00;  0.108520E+00;  0.108498E+00;  0.108498E+00;  0.108498E+00;  0.108520E+00;  0.109052E+00;  0.112281E+00;  0.115673E+00;
  0.134303E+00;  0.112281E+00;  0.108652E+00;  0.108499E+00;  0.108498E+00;  0.108499E+00;  0.108652E+00;  0.112281E+00;  0.134303E+00;  0.157437E+00;
  0.157437E+00;  0.115673E+00;  0.108790E+00;  0.108501E+00;  0.108498E+00;  0.108501E+00;  0.108790E+00;  0.115673E+00;  0.157437E+00;  0.201311E+00;
 time step =           11 ;
  0.108498E+00;  0.108498E+00;  0.108498E+00;  0.108498E+00;  0.108498E+00;  0.108498E+00;  0.108498E+00;  0.108498E+00;  0.108498E+00;  0.108498E+00;
  0.108498E+00;  0.108498E+00;  0.108498E+00;  0.108498E+00;  0.108498E+00;  0.108498E+00;  0.108498E+00;  0.108498E+00;  0.108498E+00;  0.108498E+00;
  0.108498E+00;  0.108498E+00;  0.108498E+00;  0.108498E+00;  0.108498E+00;  0.108498E+00;  0.108498E+00;  0.108498E+00;  0.108498E+00;  0.108498E+00;
  0.108498E+00;  0.108498E+00;  0.108498E+00;  0.108498E+00;  0.108498E+00;  0.108498E+00;  0.108498E+00;  0.108498E+00;  0.108498E+00;  0.108498E+00;
  0.108498E+00;  0.108498E+00;  0.108498E+00;  0.108498E+00;  0.108498E+00;  0.108498E+00;  0.108498E+00;  0.108498E+00;  0.108498E+00;  0.108498E+00;
  0.108498E+00;  0.108498E+00;  0.108498E+00;  0.108498E+00;  0.108498E+00;  0.108498E+00;  0.108498E+00;  0.108498E+00;  0.108498E+00;  0.108498E+00;
  0.108498E+00;  0.108498E+00;  0.108498E+00;  0.108498E+00;  0.108498E+00;  0.108498E+00;  0.108498E+00;  0.108498E+00;  0.108498E+00;  0.108498E+00;
  0.108498E+00;  0.108498E+00;  0.108498E+00;  0.108498E+00;  0.108498E+00;  0.108498E+00;  0.108498E+00;  0.108498E+00;  0.108498E+00;  0.108498E+00;
  0.108498E+00;  0.108498E+00;  0.108498E+00;  0.108498E+00;  0.108498E+00;  0.108498E+00;  0.108498E+00;  0.108498E+00;  0.108498E+00;  0.108498E+00;
  0.108498E+00;  0.108498E+00;  0.108498E+00;  0.108498E+00;  0.108498E+00;  0.108498E+00;  0.108498E+00;  0.108498E+00;  0.108498E+00;  0.108498E+00;
 time step =           12 ;
  0.108498E+00;  0.108498E+00;  0.108498E+00;  0.108498E+00;  0.108498E+00;  0.108498E+00;  0.108498E+00;  0.108498E+00;  0.108498E+00;  0.108498E+00;
  0.108498E+00;  0.108498E+00;  0.108498E+00;  0.108498E+00;  0.108498E+00;  0.108498E+00;  0.108498E+00;  0.108498E+00;  0.108498E+00;  0.108498E+00;
  0.108498E+00;  0.108498E+00;  0.108498E+00;  0.108498E+00;  0.108498E+00;  0.108498E+00;  0.108498E+00;  0.108498E+00;  0.108498E+00;  0.108498E+00;
  0.108498E+00;  0.108498E+00;  0.108498E+00;  0.108498E+00;  0.108498E+00;  0.108498E+00;  0.108498E+00;  0.108498E+00;  0.108498E+00;  0.108498E+00;
  0.108498E+00;  0.108498E+00;  0.108498E+00;  0.108498E+00;  0.108498E+00;  0.108498E+00;  0.108498E+00;  0.108498E+00;  0.108498E+00;  0.108498E+00;
  0.108498E+00;  0.108498E+00;  0.108498E+00;  0.108498E+00;  0.108498E+00;  0.108498E+00;  0.108498E+00;  0.108498E+00;  0.108498E+00;  0.108498E+00;
  0.108498E+00;  0.108498E+00;  0.108498E+00;  0.108498E+00;  0.108498E+00;  0.108498E+00;  0.108498E+00;  0.108498E+00;  0.108498E+00;  0.108498E+00;
  0.108498E+00;  0.108498E+00;  0.108498E+00;  0.108498E+00;  0.108498E+00;  0.108498E+00;  0.108498E+00;  0.108498E+00;  0.108498E+00;  0.108498E+00;
  0.108498E+00;  0.108498E+00;  0.108498E+00;  0.108498E+00;  0.108498E+00;  0.108498E+00;  0.108498E+00;  0.108498E+00;  0.108498E+00;  0.108498E+00;
  0.108498E+00;  0.108498E+00;  0.108498E+00;  0.108498E+00;  0.108498E+00;  0.108498E+00;  0.108498E+00;  0.108498E+00;  0.108498E+00;  0.108498E+00;
 time step =           13 ;
  0.108498E+00;  0.108498E+00;  0.108498E+00;  0.108498E+00;  0.108498E+00;  0.108498E+00;  0.108498E+00;  0.108498E+00;  0.108498E+00;  0.108498E+00;
  0.108498E+00;  0.108498E+00;  0.108498E+00;  0.108498E+00;  0.108498E+00;  0.108498E+00;  0.108498E+00;  0.108498E+00;  0.108498E+00;  0.108498E+00;
  0.108498E+00;  0.108498E+00;  0.108498E+00;  0.108498E+00;  0.108498E+00;  0.108498E+00;  0.108498E+00;  0.108498E+00;  0.108498E+00;  0.108498E+00;
  0.108498E+00;  0.108498E+00;  0.108498E+00;  0.108498E+00;  0.108498E+00;  0.108498E+00;  0.108498E+00;  0.108498E+00;  0.108498E+00;  0.108498E+00;
  0.108498E+00;  0.108498E+00;  0.108498E+00;  0.108498E+00;  0.108498E+00;  0.108498E+00;  0.108498E+00;  0.108498E+00;  0.108498E+00;  0.108498E+00;
  0.108498E+00;  0.108498E+00;  0.108498E+00;  0.108498E+00;  0.108498E+00;  0.108498E+00;  0.108498E+00;  0.108498E+00;  0.108498E+00;  0.108498E+00;
  0.108498E+00;  0.108498E+00;  0.108498E+00;  0.108498E+00;  0.108498E+00;  0.108498E+00;  0.108498E+00;  0.108498E+00;  0.108498E+00;  0.108498E+00;
  0.108498E+00;  0.108498E+00;  0.108498E+00;  0.108498E+00;  0.108498E+00;  0.108498E+00;  0.108498E+00;  0.108498E+00;  0.108498E+00;  0.108498E+00;
  0.108498E+00;  0.108498E+00;  0.108498E+00;  0.108498E+00;  0.108498E+00;  0.108498E+00;  0.108498E+00;  0.108498E+00;  0.108498E+00;  0.108498E+00;
  0.108498E+00;  0.108498E+00;  0.108498E+00;  0.108498E+00;  0.108498E+00;  0.108498E+00;  0.108498E+00;  0.108498E+00;  0.108498E+00;  0.108498E+00;
 time step =           14 ;
  0.108498E+00;  0.108498E+00;  0.108498E+00;  0.108498E+00;  0.108498E+00;  0.108498E+00;  0.108498E+00;  0.108498E+00;  0.108498E+00;  0.108498E+00;
  0.108498E+00;  0.108498E+00;  0.108498E+00;  0.108498E+00;  0.108498E+00;  0.108498E+00;  0.108498E+00;  0.108498E+00;  0.108498E+00;  0.108498E+00;
  0.108498E+00;  0.108498E+00;  0.108498E+00;  0.108498E+00;  0.108498E+00;  0.108498E+00;  0.108498E+00;  0.108498E+00;  0.108498E+00;  0.108498E+00;
  0.108498E+00;  0.108498E+00;  0.108498E+00;  0.108498E+00;  0.108498E+00;  0.108498E+00;  0.108498E+00;  0.108498E+00;  0.108498E+00;  0.108498E+00;
  0.108498E+00;  0.108498E+00;  0.108498E+00;  0.108498E+00;  0.108498E+00;  0.108498E+00;  0.108498E+00;  0.108498E+00;  0.108498E+00;  0.108498E+00;
  0.108498E+00;  0.108498E+00;  0.108498E+00;  0.108498E+00;  0.108498E+00;  0.108498E+00;  0.108498E+00;  0.108498E+00;  0.108498E+00;  0.108498E+00;
  0.108498E+00;  0.108498E+00;  0.108498E+00;  0.108498E+00;  0.108498E+00;  0.108498E+00;  0.108498E+00;  0.108498E+00;  0.108498E+00;  0.108498E+00;
  0.108498E+00;  0.108498E+00;  0.108498E+00;  0.108498E+00;  0.108498E+00;  0.108498E+00;  0.108498E+00;  0.108498E+00;  0.108498E+00;  0.108498E+00;
  0.108498E+00;  0.108498E+00;  0.108498E+00;  0.108498E+00;  0.108498E+00;  0.108498E+00;  0.108498E+00;  0.108498E+00;  0.108498E+00;  0.108498E+00;
  0.108498E+00;  0.108498E+00;  0.108498E+00;  0.108498E+00;  0.108498E+00;  0.108498E+00;  0.108498E+00;  0.108498E+00;  0.108498E+00;  0.108498E+00;
 time step =           15 ;
  0.108498E+00;  0.108498E+00;  0.108498E+00;  0.108498E+00;  0.108498E+00;  0.108498E+00;  0.108498E+00;  0.108498E+00;  0.108498E+00;  0.108498E+00;
  0.108498E+00;  0.108498E+00;  0.108498E+00;  0.108498E+00;  0.108498E+00;  0.108498E+00;  0.108498E+00;  0.108498E+00;  0.108498E+00;  0.108498E+00;
  0.108498E+00;  0.108498E+00;  0.108498E+00;  0.108498E+00;  0.108498E+00;  0.108498E+00;  0.108498E+00;  0.108498E+00;  0.108498E+00;  0.108498E+00;
  0.108498E+00;  0.108498E+00;  0.108498E+00;  0.108498E+00;  0.108498E+00;  0.108498E+00;  0.108498E+00;  0.108498E+00;  0.108498E+00;  0.108498E+00;
  0.108498E+00;  0.108498E+00;  0.108498E+00;  0.108498E+00;  0.108498E+00;  0.108498E+00;  0.108498E+00;  0.108498E+00;  0.108498E+00;  0.108498E+00;
  0.108498E+00;  0.108498E+00;  0.108498E+00;  0.108498E+00;  0.108498E+00;  0.108498E+00;  0.108498E+00;  0.108498E+00;  0.108498E+00;  0.108498E+00;
  0.108498E+00;  0.108498E+00;  0.108498E+00;  0.108498E+00;  0.108498E+00;  0.108498E+00;  0.108498E+00;  0.108498E+00;  0.108498E+00;  0.108498E+00;
  0.108498E+00;  0.108498E+00;  0.108498E+00;  0.108498E+00;  0.108498E+00;  0.108498E+00;  0.108498E+00;  0.108498E+00;  0.108498E+00;  0.108498E+00;
  0.108498E+00;  0.108498E+00;  0.108498E+00;  0.108498E+00;  0.108498E+00;  0.108498E+00;  0.108498E+00;  0.108498E+00;  0.108498E+00;  0.108498E+00;
  0.108498E+00;  0.108498E+00;  0.108498E+00;  0.108498E+00;  0.108498E+00;  0.108498E+00;  0.108498E+00;  0.108498E+00;  0.108498E+00;  0.108498E+00;
 time step =           16 ;
  0.108498E+00;  0.108498E+00;  0.108498E+00;  0.108498E+00;  0.108498E+00;  0.108498E+00;  0.108498E+00;  0.108498E+00;  0.108498E+00;  0.108498E+00;
  0.108498E+00;  0.108498E+00;  0.108498E+00;  0.108498E+00;  0.108498E+00;  0.108498E+00;  0.108498E+00;  0.108498E+00;  0.108498E+00;  0.108498E+00;
  0.108498E+00;  0.108498E+00;  0.108498E+00;  0.108498E+00;  0.108498E+00;  0.108498E+00;  0.108498E+00;  0.108498E+00;  0.108498E+00;  0.108498E+00;
  0.108498E+00;  0.108498E+00;  0.108498E+00;  0.108498E+00;  0.108498E+00;  0.108498E+00;  0.108498E+00;  0.108498E+00;  0.108498E+00;  0.108498E+00;
  0.108498E+00;  0.108498E+00;  0.108498E+00;  0.108498E+00;  0.108498E+00;  0.108498E+00;  0.108498E+00;  0.108498E+00;  0.108498E+00;  0.108498E+00;
  0.108498E+00;  0.108498E+00;  0.108498E+00;  0.108498E+00;  0.108498E+00;  0.108498E+00;  0.108498E+00;  0.108498E+00;  0.108498E+00;  0.108498E+00;
  0.108498E+00;  0.108498E+00;  0.108498E+00;  0.108498E+00;  0.108498E+00;  0.108498E+00;  0.108498E+00;  0.108498E+00;  0.108498E+00;  0.108498E+00;
  0.108498E+00;  0.108498E+00;  0.108498E+00;  0.108498E+00;  0.108498E+00;  0.108498E+00;  0.108498E+00;  0.108498E+00;  0.108498E+00;  0.108498E+00;
  0.108498E+00;  0.108498E+00;  0.108498E+00;  0.108498E+00;  0.108498E+00;  0.108498E+00;  0.108498E+00;  0.108498E+00;  0.108498E+00;  0.108498E+00;
  0.108498E+00;  0.108498E+00;  0.108498E+00;  0.108498E+00;  0.108498E+00;  0.108498E+00;  0.108498E+00;  0.108498E+00;  0.108498E+00;  0.108498E+00;
 time step =           17 ;
  0.134303E+00;  0.112281E+00;  0.108652E+00;  0.108499E+00;  0.108498E+00;  0.108499E+00;  0.108652E+00;  0.112281E+00;  0.134303E+00;  0.157437E+00;
  0.112281E+00;  0.109052E+00;  0.108520E+00;  0.108498E+00;  0.108498E+00;  0.108498E+00;  0.108520E+00;  0.109052E+00;  0.112281E+00;  0.115673E+00;
  0.108652E+00;  0.108520E+00;  0.108499E+00;  0.108498E+00;  0.108498E+00;  0.108498E+00;  0.108499E+00;  0.108520E+00;  0.108652E+00;  0.108790E+00;
  0.108499E+00;  0.108498E+00;  0.108498E+00;  0.108498E+00;  0.108498E+00;  0.108498E+00;  0.108498E+00;  0.108498E+00;  0.108499E+00;  0.108501E+00;
  0.108498E+00;  0.108498E+00;  0.108498E+00;  0.108498E+00;  0.108498E+00;  0.108498E+00;  0.108498E+00;  0.108498E+00;  0.108498E+00;  0.108498E+00;
  0.108499E+00;  0.108498E+00;  0.108498E+00;  0.108498E+00;  0.108498E+00;  0.108498E+00;  0.108498E+00;  0.108498E+00;  0.108499E+00;  0.108501E+00;
  0.108652E+00;  0.108520E+00;  0.108499E+00;  0.108498E+00;  0.108498E+00;  0.108498E+00;  0.108499E+00;  0.108520E+00;  0.108652E+00;  0.108790E+00;
  0.112281E+00;  0.109052E+00;  0.108520E+00;  0.108498E+00;  0.108498E+00;  0.108498E+00;  0.108520E+00;  0.109052E+00;  0.112281E+00;  0.115673E+00;
  0.134303E+00;  0.112281E+00;  0.108652E+00;  0.108499E+00;  0.108498E+00;  0.108499E+00;  0.108652E+00;  0.112281E+00;  0.134303E+00;  0.157437E+00;
  0.157437E+00;  0.115673E+00;  0.108790E+00;  0.108501E+00;  0.108498E+00;  0.108501E+00;  0.108790E+00;  0.115673E+00;  0.157437E+00;  0.201311E+00;
 time step =           18 ;
  0.108498E+00;  0.108498E+00;  0.108498E+00;  0.108498E+00;  0.108498E+00;  0.108498E+00;  0.108498E+00;  0.108498E+00;  0.108498E+00;  0.108498E+00;
  0.108498E+00;  0.108498E+00;  0.108498E+00;  0.108498E+00;  0.108498E+00;  0.108498E+00;  0.108498E+00;  0.108498E+00;  0.108498E+00;  0.108498E+00;
  0.108498E+00;  0.108498E+00;  0.108498E+00;  0.108498E+00;  0.108498E+00;  0.108498E+00;  0.108498E+00;  0.108498E+00;  0.108498E+00;  0.108498E+00;
  0.108498E+00;  0.108498E+00;  0.108498E+00;  0.108498E+00;  0.108498E+00;  0.108498E+00;  0.108498E+00;  0.108498E+00;  0.108498E+00;  0.108498E+00;
  0.108498E+00;  0.108498E+00;  0.108498E+00;  0.108498E+00;  0.108498E+00;  0.108498E+00;  0.108498E+00;  0.108498E+00;  0.108498E+00;  0.108498E+00;
  0.108498E+00;  0.108498E+00;  0.108498E+00;  0.108498E+00;  0.108498E+00;  0.108498E+00;  0.108498E+00;  0.108498E+00;  0.108498E+00;  0.108498E+00;
  0.108498E+00;  0.108498E+00;  0.108498E+00;  0.108498E+00;  0.108498E+00;  0.108498E+00;  0.108498E+00;  0.108498E+00;  0.108498E+00;  0.108498E+00;
  0.108498E+00;  0.108498E+00;  0.108498E+00;  0.108498E+00;  0.108498E+00;  0.108498E+00;  0.108498E+00;  0.108498E+00;  0.108498E+00;  0.108498E+00;
  0.108498E+00;  0.108498E+00;  0.108498E+00;  0.108498E+00;  0.108498E+00;  0.108498E+00;  0.108498E+00;  0.108498E+00;  0.108498E+00;  0.108498E+00;
  0.108498E+00;  0.108498E+00;  0.108498E+00;  0.108498E+00;  0.108498E+00;  0.108498E+00;  0.108498E+00;  0.108498E+00;  0.108498E+00;  0.108498E+00;
 time step =           19 ;
  0.108498E+00;  0.108498E+00;  0.108498E+00;  0.108498E+00;  0.108498E+00;  0.108498E+00;  0.108498E+00;  0.108498E+00;  0.108498E+00;  0.108498E+00;
  0.108498E+00;  0.108498E+00;  0.108498E+00;  0.108498E+00;  0.108498E+00;  0.108498E+00;  0.108498E+00;  0.108498E+00;  0.108498E+00;  0.108498E+00;
  0.108498E+00;  0.108498E+00;  0.108498E+00;  0.108498E+00;  0.108498E+00;  0.108498E+00;  0.108498E+00;  0.108498E+00;  0.108498E+00;  0.108498E+00;
  0.108498E+00;  0.108498E+00;  0.108498E+00;  0.108498E+00;  0.108498E+00;  0.108498E+00;  0.108498E+00;  0.108498E+00;  0.108498E+00;  0.108498E+00;
  0.108498E+00;  0.108498E+00;  0.108498E+00;  0.108498E+00;  0.108498E+00;  0.108498E+00;  0.108498E+00;  0.108498E+00;  0.108498E+00;  0.108498E+00;
  0.108498E+00;  0.108498E+00;  0.108498E+00;  0.108498E+00;  0.108498E+00;  0.108498E+00;  0.108498E+00;  0.108498E+00;  0.108498E+00;  0.108498E+00;
  0.108498E+00;  0.108498E+00;  0.108498E+00;  0.108498E+00;  0.108498E+00;  0.108498E+00;  0.108498E+00;  0.108498E+00;  0.108498E+00;  0.108498E+00;
  0.108498E+00;  0.108498E+00;  0.108498E+00;  0.108498E+00;  0.108498E+00;  0.108498E+00;  0.108498E+00;  0.108498E+00;  0.108498E+00;  0.108498E+00;
  0.108498E+00;  0.108498E+00;  0.108498E+00;  0.108498E+00;  0.108498E+00;  0.108498E+00;  0.108498E+00;  0.108498E+00;  0.108498E+00;  0.108498E+00;
  0.108498E+00;  0.108498E+00;  0.108498E+00;  0.108498E+00;  0.108498E+00;  0.108498E+00;  0.108498E+00;  0.108498E+00;  0.108498E+00;  0.108498E+00;
 time step =           20 ;
  0.108498E+00;  0.108498E+00;  0.108498E+00;  0.108498E+00;  0.108498E+00;  0.108498E+00;  0.108498E+00;  0.108498E+00;  0.108498E+00;  0.108498E+00;
  0.108498E+00;  0.108498E+00;  0.108498E+00;  0.108498E+00;  0.108498E+00;  0.108498E+00;  0.108498E+00;  0.108498E+00;  0.108498E+00;  0.108498E+00;
  0.108498E+00;  0.108498E+00;  0.108498E+00;  0.108498E+00;  0.108498E+00;  0.108498E+00;  0.108498E+00;  0.108498E+00;  0.108498E+00;  0.108498E+00;
  0.108498E+00;  0.108498E+00;  0.108498E+00;  0.108498E+00;  0.108498E+00;  0.108498E+00;  0.108498E+00;  0.108498E+00;  0.108498E+00;  0.108498E+00;
  0.108498E+00;  0.108498E+00;  0.108498E+00;  0.108498E+00;  0.108498E+00;  0.108498E+00;  0.108498E+00;  0.108498E+00;  0.108498E+00;  0.108498E+00;
  0.108498E+00;  0.108498E+00;  0.108498E+00;  0.108498E+00;  0.108498E+00;  0.108498E+00;  0.108498E+00;  0.108498E+00;  0.108498E+00;  0.108498E+00;
  0.108498E+00;  0.108498E+00;  0.108498E+00;  0.108498E+00;  0.108498E+00;  0.108498E+00;  0.108498E+00;  0.108498E+00;  0.108498E+00;  0.108498E+00;
  0.108498E+00;  0.108498E+00;  0.108498E+00;  0.108498E+00;  0.108498E+00;  0.108498E+00;  0.108498E+00;  0.108498E+00;  0.108498E+00;  0.108498E+00;
  0.108498E+00;  0.108498E+00;  0.108498E+00;  0.108498E+00;  0.108498E+00;  0.108498E+00;  0.108498E+00;  0.108498E+00;  0.108498E+00;  0.108498E+00;
  0.108498E+00;  0.108498E+00;  0.108498E+00;  0.108498E+00;  0.108498E+00;  0.108498E+00;  0.108498E+00;  0.108498E+00;  0.108498E+00;  0.108498E+00;
 time step =           21 ;
  0.108498E+00;  0.108498E+00;  0.108498E+00;  0.108498E+00;  0.108498E+00;  0.108498E+00;  0.108498E+00;  0.108498E+00;  0.108498E+00;  0.108498E+00;
  0.108498E+00;  0.108498E+00;  0.108498E+00;  0.108498E+00;  0.108498E+00;  0.108498E+00;  0.108498E+00;  0.108498E+00;  0.108498E+00;  0.108498E+00;
  0.108498E+00;  0.108498E+00;  0.108498E+00;  0.108498E+00;  0.108498E+00;  0.108498E+00;  0.108498E+00;  0.108498E+00;  0.108498E+00;  0.108498E+00;
  0.108498E+00;  0.108498E+00;  0.108498E+00;  0.108498E+00;  0.108498E+00;  0.108498E+00;  0.108498E+00;  0.108498E+00;  0.108498E+00;  0.108498E+00;
  0.108498E+00;  0.108498E+00;  0.108498E+00;  0.108498E+00;  0.108498E+00;  0.108498E+00;  0.108498E+00;  0.108498E+00;  0.108498E+00;  0.108498E+00;
  0.108498E+00;  0.108498E+00;  0.108498E+00;  0.108498E+00;  0.108498E+00;  0.108498E+00;  0.108498E+00;  0.108498E+00;  0.108498E+00;  0.108498E+00;
  0.108498E+00;  0.108498E+00;  0.108498E+00;  0.108498E+00;  0.108498E+00;  0.108498E+00;  0.108498E+00;  0.108498E+00;  0.108498E+00;  0.108498E+00;
  0.108498E+00;  0.108498E+00;  0.108498E+00;  0.108498E+00;  0.108498E+00;  0.108498E+00;  0.108498E+00;  0.108498E+00;  0.108498E+00;  0.108498E+00;
  0.108498E+00;  0.108498E+00;  0.108498E+00;  0.108498E+00;  0.108498E+00;  0.108498E+00;  0.108498E+00;  0.108498E+00;  0.108498E+00;  0.108498E+00;
  0.108498E+00;  0.108498E+00;  0.108498E+00;  0.108498E+00;  0.108498E+00;  0.108498E+00;  0.108498E+00;  0.108498E+00;  0.108498E+00;  0.108498E+00;
 time step =           22 ;
  0.108498E+00;  0.108498E+00;  0.108498E+00;  0.108498E+00;  0.108498E+00;  0.108498E+00;  0.108498E+00;  0.108498E+00;  0.108498E+00;  0.108498E+00;
  0.108498E+00;  0.108498E+00;  0.108498E+00;  0.108498E+00;  0.108498E+00;  0.108498E+00;  0.108498E+00;  0.108498E+00;  0.108498E+00;  0.108498E+00;
  0.108498E+00;  0.108498E+00;  0.108498E+00;  0.108498E+00;  0.108498E+00;  0.108498E+00;  0.108498E+00;  0.108498E+00;  0.108498E+00;  0.108498E+00;
  0.108498E+00;  0.108498E+00;  0.108498E+00;  0.108498E+00;  0.108498E+00;  0.108498E+00;  0.108498E+00;  0.108498E+00;  0.108498E+00;  0.108498E+00;
  0.108498E+00;  0.108498E+00;  0.108498E+00;  0.108498E+00;  0.108498E+00;  0.108498E+00;  0.108498E+00;  0.108498E+00;  0.108498E+00;  0.108498E+00;
  0.108498E+00;  0.108498E+00;  0.108498E+00;  0.108498E+00;  0.108498E+00;  0.108498E+00;  0.108498E+00;  0.108498E+00;  0.108498E+00;  0.108498E+00;
  0.108498E+00;  0.108498E+00;  0.108498E+00;  0.108498E+00;  0.108498E+00;  0.108498E+00;  0.108498E+00;  0.108498E+00;  0.108498E+00;  0.108498E+00;
  0.108498E+00;  0.108498E+00;  0.108498E+00;  0.108498E+00;  0.108498E+00;  0.108498E+00;  0.108498E+00;  0.108498E+00;  0.108498E+00;  0.108498E+00;
  0.108498E+00;  0.108498E+00;  0.108498E+00;  0.108498E+00;  0.108498E+00;  0.108498E+00;  0.108498E+00;  0.108498E+00;  0.108498E+00;  0.108498E+00;
  0.108498E+00;  0.108498E+00;  0.108498E+00;  0.108498E+00;  0.108498E+00;  0.108498E+00;  0.108498E+00;  0.108498E+00;  0.108498E+00;  0.108498E+00;
 time step =           23 ;
  0.108498E+00;  0.108498E+00;  0.108498E+00;  0.108498E+00;  0.108498E+00;  0.108498E+00;  0.108498E+00;  0.108498E+00;  0.108498E+00;  0.108498E+00;
  0.108498E+00;  0.108498E+00;  0.108498E+00;  0.108498E+00;  0.108498E+00;  0.108498E+00;  0.108498E+00;  0.108498E+00;  0.108498E+00;  0.108498E+00;
  0.108498E+00;  0.108498E+00;  0.108498E+00;  0.108498E+00;  0.108498E+00;  0.108498E+00;  0.108498E+00;  0.108498E+00;  0.108498E+00;  0.108498E+00;
  0.108498E+00;  0.108498E+00;  0.108498E+00;  0.108498E+00;  0.108498E+00;  0.108498E+00;  0.108498E+00;  0.108498E+00;  0.108498E+00;  0.108498E+00;
  0.108498E+00;  0.108498E+00;  0.108498E+00;  0.108498E+00;  0.108498E+00;  0.108498E+00;  0.108498E+00;  0.108498E+00;  0.108498E+00;  0.108498E+00;
  0.108498E+00;  0.108498E+00;  0.108498E+00;  0.108498E+00;  0.108498E+00;  0.108498E+00;  0.108498E+00;  0.108498E+00;  0.108498E+00;  0.108498E+00;
  0.108498E+00;  0.108498E+00;  0.108498E+00;  0.108498E+00;  0.108498E+00;  0.108498E+00;  0.108498E+00;  0.108498E+00;  0.108498E+00;  0.108498E+00;
  0.108498E+00;  0.108498E+00;  0.108498E+00;  0.108498E+00;  0.108498E+00;  0.108498E+00;  0.108498E+00;  0.108498E+00;  0.108498E+00;  0.108498E+00;
  0.108498E+00;  0.108498E+00;  0.108498E+00;  0.108498E+00;  0.108498E+00;  0.108498E+00;  0.108498E+00;  0.108498E+00;  0.108498E+00;  0.108498E+00;
  0.108498E+00;  0.108498E+00;  0.108498E+00;  0.108498E+00;  0.108498E+00;  0.108498E+00;  0.108498E+00;  0.108498E+00;  0.108498E+00;  0.108498E+00;
 time step =           24 ;
  0.108498E+00;  0.108498E+00;  0.108498E+00;  0.108498E+00;  0.108498E+00;  0.108498E+00;  0.108498E+00;  0.108498E+00;  0.108498E+00;  0.108498E+00;
  0.108498E+00;  0.108498E+00;  0.108498E+00;  0.108498E+00;  0.108498E+00;  0.108498E+00;  0.108498E+00;  0.108498E+00;  0.108498E+00;  0.108498E+00;
  0.108498E+00;  0.108498E+00;  0.108498E+00;  0.108498E+00;  0.108498E+00;  0.108498E+00;  0.108498E+00;  0.108498E+00;  0.108498E+00;  0.108498E+00;
  0.108498E+00;  0.108498E+00;  0.108498E+00;  0.108498E+00;  0.108498E+00;  0.108498E+00;  0.108498E+00;  0.108498E+00;  0.108498E+00;  0.108498E+00;
  0.108498E+00;  0.108498E+00;  0.108498E+00;  0.108498E+00;  0.108498E+00;  0.108498E+00;  0.108498E+00;  0.108498E+00;  0.108498E+00;  0.108498E+00;
  0.108498E+00;  0.108498E+00;  0.108498E+00;  0.108498E+00;  0.108498E+00;  0.108498E+00;  0.108498E+00;  0.108498E+00;  0.108498E+00;  0.108498E+00;
  0.108498E+00;  0.108498E+00;  0.108498E+00;  0.108498E+00;  0.108498E+00;  0.108498E+00;  0.108498E+00;  0.108498E+00;  0.108498E+00;  0.108498E+00;
  0.108498E+00;  0.108498E+00;  0.108498E+00;  0.108498E+00;  0.108498E+00;  0.108498E+00;  0.108498E+00;  0.108498E+00;  0.108498E+00;  0.108498E+00;
  0.108498E+00;  0.108498E+00;  0.108498E+00;  0.108498E+00;  0.108498E+00;  0.108498E+00;  0.108498E+00;  0.108498E+00;  0.108498E+00;  0.108498E+00;
  0.108498E+00;  0.108498E+00;  0.108498E+00;  0.108498E+00;  0.108498E+00;  0.108498E+00;  0.108498E+00;  0.108498E+00;  0.108498E+00;  0.108498E+00;
 time step =           25 ;
  0.134303E+00;  0.112281E+00;  0.108652E+00;  0.108499E+00;  0.108498E+00;  0.108499E+00;  0.108652E+00;  0.112281E+00;  0.134303E+00;  0.157437E+00;
  0.112281E+00;  0.109052E+00;  0.108520E+00;  0.108498E+00;  0.108498E+00;  0.108498E+00;  0.108520E+00;  0.109052E+00;  0.112281E+00;  0.115673E+00;
  0.108652E+00;  0.108520E+00;  0.108499E+00;  0.108498E+00;  0.108498E+00;  0.108498E+00;  0.108499E+00;  0.108520E+00;  0.108652E+00;  0.108790E+00;
  0.108499E+00;  0.108498E+00;  0.108498E+00;  0.108498E+00;  0.108498E+00;  0.108498E+00;  0.108498E+00;  0.108498E+00;  0.108499E+00;  0.108501E+00;
  0.108498E+00;  0.108498E+00;  0.108498E+00;  0.108498E+00;  0.108498E+00;  0.108498E+00;  0.108498E+00;  0.108498E+00;  0.108498E+00;  0.108498E+00;
  0.108499E+00;  0.108498E+00;  0.108498E+00;  0.108498E+00;  0.108498E+00;  0.108498E+00;  0.108498E+00;  0.108498E+00;  0.108499E+00;  0.108501E+00;
  0.108652E+00;  0.108520E+00;  0.108499E+00;  0.108498E+00;  0.108498E+00;  0.108498E+00;  0.108499E+00;  0.108520E+00;  0.108652E+00;  0.108790E+00;
  0.112281E+00;  0.109052E+00;  0.108520E+00;  0.108498E+00;  0.108498E+00;  0.108498E+00;  0.108520E+00;  0.109052E+00;  0.112281E+00;  0.115673E+00;
  0.134303E+00;  0.112281E+00;  0.108652E+00;  0.108499E+00;  0.108498E+00;  0.108499E+00;  0.108652E+00;  0.112281E+00;  0.134303E+00;  0.157437E+00;
  0.157437E+00;  0.115673E+00;  0.108790E+00;  0.108501E+00;  0.108498E+00;  0.108501E+00;  0.108790E+00;  0.115673E+00;  0.157437E+00;  0.201311E+00;
 time step =           26 ;
  0.108498E+00;  0.108498E+00;  0.108498E+00;  0.108498E+00;  0.108498E+00;  0.108498E+00;  0.108498E+00;  0.108498E+00;  0.108498E+00;  0.108498E+00;
  0.108498E+00;  0.108498E+00;  0.108498E+00;  0.108498E+00;  0.108498E+00;  0.108498E+00;  0.108498E+00;  0.108498E+00;  0.108498E+00;  0.108498E+00;
  0.108498E+00;  0.108498E+00;  0.108498E+00;  0.108498E+00;  0.108498E+00;  0.108498E+00;  0.108498E+00;  0.108498E+00;  0.108498E+00;  0.108498E+00;
  0.108498E+00;  0.108498E+00;  0.108498E+00;  0.108498E+00;  0.108498E+00;  0.108498E+00;  0.108498E+00;  0.108498E+00;  0.108498E+00;  0.108498E+00;
  0.108498E+00;  0.108498E+00;  0.108498E+00;  0.108498E+00;  0.108498E+00;  0.108498E+00;  0.108498E+00;  0.108498E+00;  0.108498E+00;  0.108498E+00;
  0.108498E+00;  0.108498E+00;  0.108498E+00;  0.108498E+00;  0.108498E+00;  0.108498E+00;  0.108498E+00;  0.108498E+00;  0.108498E+00;  0.108498E+00;
  0.108498E+00;  0.108498E+00;  0.108498E+00;  0.108498E+00;  0.108498E+00;  0.108498E+00;  0.108498E+00;  0.108498E+00;  0.108498E+00;  0.108498E+00;
  0.108498E+00;  0.108498E+00;  0.108498E+00;  0.108498E+00;  0.108498E+00;  0.108498E+00;  0.108498E+00;  0.108498E+00;  0.108498E+00;  0.108498E+00;
  0.108498E+00;  0.108498E+00;  0.108498E+00;  0.108498E+00;  0.108498E+00;  0.108498E+00;  0.108498E+00;  0.108498E+00;  0.108498E+00;  0.108498E+00;
  0.108498E+00;  0.108498E+00;  0.108498E+00;  0.108498E+00;  0.108498E+00;  0.108498E+00;  0.108498E+00;  0.108498E+00;  0.108498E+00;  0.108498E+00;
